4 0.919977 0.354898 0.0689252 0.0855263
4 0.883178 0.748173 0.0992991 0.13231
0 0.56104 0.313596 0.0858645 0.111111
1 0.56104 0.313231 0.0858645 0.111842
4 0.0213201 0.423246 0.0426402 0.0935673
4 0.0151869 0.83443 0.0303738 0.0928363
5 0.676986 0.829678 0.130841 0.147661
4 0.957652 0.420322 0.083528 0.111111
4 0.517523 0.757675 0.0794393 0.0957602
4 0.887266 0.419225 0.0712617 0.0855263
4 0.140479 0.75731 0.0683411 0.0847953
4 0.531542 0.54057 0.0549065 0.0635965
4 0.570386 0.0204678 0.0671729 0.0409357
4 0.490946 0.328216 0.0648364 0.0891813
4 0.340829 0.564327 0.0753505 0.0979532
4 0.256133 0.419225 0.0753505 0.105994
4 0.52278 0.839912 0.0806075 0.0994152
