3 0.275568 0.508488 0.0614669 0.0871914
3 0.566245 0.0775463 0.0643079 0.0925926
3 0.853822 0.154514 0.0599174 0.0783179
3 0.329804 0.556906 0.0640496 0.0906636
3 0.0544938 0.314043 0.0604339 0.0841049
3 0.0548812 0.945988 0.0596591 0.0864198
3 0.776472 0.17689 0.0581095 0.0914352
3 0.817924 0.533951 0.0635331 0.108025
3 0.135072 0.123457 0.0594008 0.0864198
3 0.781121 0.0756173 0.0617252 0.0910494
3 0.943053 0.469136 0.067407 0.0972222
3 0.115057 0.221258 0.0560434 0.0844907
3 0.359892 0.173997 0.0591426 0.087963
3 0.897986 0.316358 0.0599174 0.0887346
3 0.704545 0.135031 0.0604339 0.0887346
3 0.69938 0.534915 0.0588843 0.0922068
3 0.0573347 0.11767 0.0578512 0.087963
3 0.406508 0.108218 0.0630165 0.0968364
3 0.633394 0.165123 0.0715393 0.0987654
