4 0.495035 0.234649 0.116238 0.116959
5 0.964369 0.423246 0.0712617 0.188596
4 0.309287 0.757675 0.101051 0.14693
5 0.97722 0.11769 0.0455607 0.131579
4 0.462325 0.475877 0.0718458 0.0950292
4 0.598715 0.444444 0.0665888 0.0847953
4 0.566881 0.497442 0.0671729 0.0782164
4 0.860981 0.490497 0.0806075 0.106725
4 0.5184 0.529971 0.0706776 0.0862573
4 0.630549 0.38633 0.0613318 0.0869883
6 0.462909 0.563962 0.0776869 0.0986842
6 0.822138 0.0325292 0.0765187 0.0650585
4 0.650701 0.266447 0.0630841 0.0796784
