5 0.168403 0.967593 0.0767747 0.0648148
3 0.239776 0.970422 0.056713 0.0581276
1 0.0102238 0.23894 0.0204475 0.0807613
4 0.56983 0.340278 0.0756173 0.0817901
3 0.16821 0.96785 0.0763889 0.0643004
1 0.24267 0.0120885 0.0455247 0.024177
4 0.79456 0.063786 0.0543981 0.0853909
4 0.296682 0.177726 0.0594136 0.0735597
4 0.468557 0.378086 0.0397377 0.0432099
4 0.476659 0.427212 0.0659722 0.0817901
4 0.532986 0.457562 0.0551698 0.0766461
4 0.559799 0.495885 0.0478395 0.0617284
4 0.926119 0.18107 0.0652006 0.0730453
3 0.292438 0.978652 0.0625 0.0416667
4 0.449074 0.553241 0.0493827 0.0643004
4 0.423804 0.370113 0.0613426 0.0725309
4 0.301505 0.935185 0.0466821 0.0524691
4 0.719715 0.0421811 0.0582562 0.0843621
3 0.0376157 0.561471 0.0659722 0.0766461
6 0.813079 0.687243 0.0652006 0.090535
