1 0.790304 0.920322 0.0455607 0.0540936
1 0.886974 0.791301 0.0438084 0.0548246
1 0.612442 0.754751 0.0473131 0.0592105
1 0.475467 0.903509 0.0514019 0.0672515
1 0.54965 0.917763 0.0373832 0.0504386
1 0.594334 0.834795 0.0508178 0.0570175
1 0.510806 0.829313 0.0496495 0.0577485
1 0.421437 0.574927 0.041472 0.0445906
1 0.211741 0.974781 0.0449766 0.0504386
3 0.398072 0.218567 0.0823598 0.0979532
1 0.412675 0.524488 0.0356308 0.0431287
1 0.768984 0.759137 0.0403037 0.0519006
1 0.465829 0.983553 0.0473131 0.0328947
1 0.267523 0.822368 0.0478972 0.0540936
1 0.513435 0.598684 0.0408879 0.0467836
4 0.126168 0.457602 0.0630841 0.0716374
