0 0.995327 0.0146199 0.00934579 0.0292398
0 0.551694 0.466009 0.0566589 0.0694444
0 0.021028 0.99269 0.0420561 0.0146199
0 0.875292 0.842105 0.0438084 0.0614035
0 0.0046729 0.0285088 0.00934579 0.0570175
0 0.818925 0.986477 0.0373832 0.0270468
0 0.00963785 0.247807 0.0192757 0.0643275
0 0.854556 0.213085 0.0257009 0.0387427
0 0.551694 0.0237573 0.0613318 0.0475146
0 0.010514 0.101974 0.0198598 0.0533626
0 0.867991 0.785453 0.0525701 0.0621345
0 0.0607477 0.968933 0.0233645 0.0577485
0 0.992699 0.384868 0.0146028 0.0519006
0 0.773364 0.303728 0.0432243 0.0577485
0 0.00788551 0.914474 0.015771 0.0599415
0 0.748832 0.981725 0.0385514 0.0365497
0 0.943341 0.305556 0.0654206 0.0438596
0 0.0192757 0.622076 0.0373832 0.0526316
0 0.375876 0.844664 0.0484813 0.0592105
0 0.961449 0.311769 0.0443925 0.0445906
0 0.325643 0.657164 0.0484813 0.0599415
0 0.990946 0.224415 0.0169393 0.0584795
0 0.376168 0.0782164 0.0490654 0.0599415
0 0.596086 0.00913743 0.0438084 0.0182749
0 0.5625 0.983187 0.0443925 0.0336257
0 0.374708 0.748538 0.051986 0.0599415
0 0.897196 0.400585 0.0455607 0.0584795
0 0.020736 0.0844298 0.0403037 0.0504386
0 0.125292 0.326023 0.0496495 0.0628655
0 0.37354 0.439693 0.0484813 0.0665205
0 0.425234 0.0244883 0.036215 0.0489766
0 0.836449 0.059576 0.0432243 0.0519006
0 0.9559 0.632675 0.0426402 0.0519006
0 0.44889 0.279971 0.0379673 0.0540936
0 0.712909 0.138889 0.0473131 0.0540936
0 0.313084 0.877924 0.0432243 0.0555556
0 0.659171 0.0127924 0.0484813 0.0255848
0 0.233061 0.727339 0.046729 0.0555556
0 0.0178154 0.27924 0.0344626 0.0497076
0 0.182243 0.979167 0.0408879 0.0402047
0 0.0268692 0.0168129 0.046729 0.0336257
0 0.695093 0.960161 0.0443925 0.0504386
0 0.130549 0.107456 0.0426402 0.0380117
0 0.253213 0.24269 0.0484813 0.0540936
0 0.34229 0.702485 0.0502336 0.0570175
0 0.0294977 0.729167 0.0473131 0.0709064
0 0.284463 0.980629 0.0514019 0.0387427
0 0.982477 0.164474 0.0350467 0.0614035
0 0.151577 0.963816 0.0438084 0.0606725
0 0.386098 0.555921 0.0443925 0.0606725
0 0.562792 0.936038 0.0496495 0.0533626
0 0.389603 0.909357 0.0490654 0.0584795
0 0.746203 0.407895 0.041472 0.0482456
0 0.371203 0.607091 0.0426402 0.0460526
0 0.986857 0.279605 0.026285 0.0621345
0 0.499124 0.868056 0.0449766 0.0519006
0 0.0476051 0.439693 0.0449766 0.0679825
0 0.900701 0.515351 0.0408879 0.0584795
0 0.922605 0.976974 0.0508178 0.0460526
0 0.445678 0.771199 0.0420561 0.0643275
0 0.0175234 0.669225 0.0350467 0.0577485
0 0.922605 0.676901 0.051986 0.0584795
0 0.482477 0.74598 0.0315421 0.0650585
0 0.99007 0.487573 0.0198598 0.0453216
0 0.199182 0.0815058 0.0525701 0.0562866
0 0.706192 0.0113304 0.0443925 0.0226608
0 0.941589 0.554459 0.0443925 0.0592105
0 0.718166 0.743056 0.0438084 0.0548246
0 0.0762266 0.473319 0.0461449 0.0635965
0 0.507009 0.472588 0.0350467 0.0665205
0 0.26285 0.773026 0.0490654 0.0577485
0 0.5 0.336257 0.046729 0.0467836
0 0.360689 0.24269 0.041472 0.0570175
0 0.336157 0.399854 0.0403037 0.0643275
0 0.822722 0.0398392 0.0403037 0.0504386
0 0.241822 0.101608 0.0443925 0.0628655
0 0.48014 0.0471491 0.0420561 0.0606725
0 0.136974 0.225877 0.0449766 0.0584795
0 0.0928738 0.714912 0.0502336 0.0540936
0 0.311332 0.170322 0.0502336 0.0584795
0 0.805199 0.0160819 0.0426402 0.0321637
0 0.260806 0.19883 0.0589953 0.0497076
0 0.681075 0.89693 0.0455607 0.0540936
0 0.536799 0.831871 0.0478972 0.0555556
0 0.691005 0.0972222 0.0525701 0.0540936
0 0.172021 0.350877 0.0484813 0.0614035
0 0.310164 0.529971 0.0443925 0.0570175
0 0.225759 0.569444 0.0484813 0.0643275
0 0.274241 0.332968 0.0496495 0.0577485
0 0.46729 0.809576 0.0455607 0.0592105
0 0.854848 0.165205 0.0403037 0.0526316
0 0.440713 0.0391082 0.0367991 0.0577485
0 0.382886 0.104898 0.041472 0.0475146
0 0.888435 0.960161 0.0514019 0.0577485
0 0.025993 0.330044 0.0449766 0.0548246
0 0.113902 0.771564 0.0490654 0.0577485
0 0.285047 0.0515351 0.0478972 0.0577485
0 0.649241 0.929825 0.0426402 0.0570175
0 0.142815 0.723319 0.0473131 0.0577485
0 0.587617 0.366959 0.0420561 0.0482456
0 0.602512 0.645468 0.041472 0.0570175
0 0.45736 0.539108 0.0373832 0.0475146
0 0.310164 0.454678 0.0443925 0.0540936
0 0.285047 0.637427 0.0514019 0.0555556
0 0.402161 0.792032 0.0438084 0.0504386
0 0.506717 0.920687 0.0473131 0.0548246
0 0.183119 0.752558 0.0496495 0.0635965
0 0.717582 0.954678 0.0367991 0.0453216
0 0.790304 0.719298 0.0490654 0.0599415
0 0.123248 0.388158 0.0502336 0.0584795
0 0.779498 0.221491 0.0461449 0.0701754
0 0.672313 0.723684 0.0443925 0.0511696
0 0.0496495 0.898026 0.046729 0.0577485
0 0.26285 0.449196 0.0478972 0.0606725
0 0.249124 0.918129 0.0461449 0.0584795
0 0.659171 0.846491 0.041472 0.0570175
0 0.505841 0.77924 0.0408879 0.0672515
0 0.726928 0.364401 0.0438084 0.0489766
0 0.626168 0.83845 0.0455607 0.0599415
0 0.498832 0.619518 0.0525701 0.0533626
0 0.38493 0.251827 0.0432243 0.0489766
0 0.969042 0.719298 0.0420561 0.0526316
0 0.0800234 0.225146 0.0420561 0.0584795
0 0.840829 0.897661 0.0426402 0.0497076
0 0.750292 0.690789 0.041472 0.0526316
0 0.863026 0.0179094 0.0391355 0.0358187
0 0.0531542 0.164108 0.0443925 0.0519006
0 0.836449 0.961988 0.0385514 0.0570175
0 0.088493 0.0211988 0.0426402 0.0423977
0 0.560748 0.632675 0.0432243 0.0504386
0 0.561916 0.165936 0.0490654 0.0570175
0 0.527161 0.269006 0.041472 0.0584795
0 0.0928738 0.888523 0.0385514 0.0504386
0 0.974591 0.550804 0.0461449 0.0592105
0 0.671729 0.785819 0.0420561 0.0614035
0 0.193633 0.192982 0.0484813 0.0614035
0 0.362442 0.18348 0.0461449 0.0570175
0 0.758178 0.737208 0.036215 0.0606725
0 0.760514 0.502924 0.036215 0.0570175
0 0.266063 0.833333 0.0473131 0.0555556
0 0.205315 0.23867 0.0438084 0.0548246
0 0.0785631 0.824196 0.0496495 0.0606725
0 0.880549 0.0763889 0.0484813 0.0533626
0 0.742699 0.254386 0.0508178 0.0599415
0 0.547313 0.777412 0.036215 0.0489766
0 0.483937 0.108918 0.0461449 0.0614035
0 0.540012 0.377558 0.0391355 0.0504386
0 0.0569509 0.35636 0.0379673 0.0416667
0 0.620035 0.685673 0.041472 0.0438596
0 0.209112 0.400219 0.0490654 0.0606725
0 0.0213201 0.860015 0.0426402 0.0621345
0 0.744743 0.314693 0.0350467 0.0504386
0 0.42611 0.266082 0.0367991 0.0584795
0 0.067757 0.751462 0.0478972 0.0599415
0 0.115946 0.66155 0.041472 0.0497076
0 0.790888 0.058845 0.0397196 0.0562866
0 0.141939 0.917032 0.0397196 0.0475146
0 0.457652 0.939327 0.0391355 0.0511696
0 0.947722 0.261696 0.0508178 0.0467836
0 0.03125 0.955775 0.0426402 0.0533626
0 0.319801 0.748904 0.0508178 0.0621345
0 0.240946 0.0332602 0.0461449 0.0665205
0 0.530666 0.516082 0.041472 0.0687134
0 0.558411 0.266813 0.0420561 0.0540936
0 0.590829 0.862939 0.0391355 0.0504386
0 0.108645 0.061769 0.046729 0.0621345
0 0.617407 0.115863 0.0432243 0.0577485
0 0.857477 0.515351 0.0432243 0.0570175
0 0.878505 0.24598 0.0408879 0.0548246
0 0.36507 0.495614 0.0455607 0.0555556
0 0.508762 0.974415 0.0455607 0.0482456
0 0.854556 0.699927 0.0490654 0.0606725
0 0.415888 0.212354 0.0490654 0.0445906
0 0.500876 0.204313 0.0461449 0.0533626
0 0.679614 0.389985 0.0379673 0.0460526
0 0.514311 0.150219 0.0449766 0.0577485
0 0.666472 0.1875 0.0478972 0.0504386
0 0.618283 0.0409357 0.0496495 0.0628655
0 0.219042 0.15095 0.0397196 0.0489766
0 0.906834 0.0365497 0.0344626 0.0467836
0 0.246787 0.293494 0.041472 0.0504386
0 0.926402 0.870249 0.0455607 0.0548246
0 0.307535 0.9375 0.0438084 0.0635965
0 0.733645 0.861111 0.0408879 0.0482456
0 0.755549 0.807749 0.0449766 0.0599415
0 0.0601636 0.669225 0.046729 0.0577485
0 0.78125 0.97076 0.0449766 0.0526316
0 0.661507 0.134868 0.0473131 0.0533626
0 0.756717 0.0175439 0.041472 0.0350877
0 0.952979 0.102705 0.041472 0.0577485
0 0.21729 0.79057 0.0420561 0.0519006
0 0.8566 0.370249 0.0449766 0.0621345
0 0.765187 0.912281 0.0420561 0.0584795
0 0.757593 0.0884503 0.0478972 0.0540936
0 0.808995 0.645833 0.0397196 0.0592105
0 0.483937 0.666667 0.0461449 0.0555556
0 0.831776 0.753289 0.0432243 0.0519006
0 0.621495 0.327851 0.0420561 0.0621345
0 0.020736 0.384503 0.041472 0.0511696
0 0.428154 0.411184 0.0385514 0.0504386
0 0.665888 0.0548246 0.046729 0.0540936
0 0.485397 0.510965 0.0432243 0.0526316
0 0.412091 0.324196 0.0426402 0.0519006
0 0.545269 0.889254 0.0438084 0.0533626
0 0.0216121 0.516813 0.0432243 0.0540936
0 0.808411 0.568348 0.0385514 0.0475146
0 0.190713 0.0266813 0.0508178 0.0533626
0 0.593458 0.579678 0.0490654 0.0438596
0 0.955023 0.0365497 0.0490654 0.0540936
0 0.170269 0.277412 0.0484813 0.0577485
0 0.346086 0.133041 0.041472 0.0570175
0 0.294393 0.38633 0.046729 0.0621345
0 0.0379673 0.224781 0.0397196 0.0533626
0 0.542932 0.723684 0.0484813 0.0467836
0 0.797313 0.520833 0.0408879 0.0504386
0 0.853096 0.578216 0.0484813 0.0614035
0 0.7684 0.604898 0.0461449 0.0577485
0 0.280082 0.580409 0.0461449 0.0540936
0 0.821846 0.402778 0.0432243 0.0526316
0 0.978096 0.0540936 0.0391355 0.0497076
0 0.0514019 0.0456871 0.046729 0.0548246
0 0.257009 0.517178 0.0455607 0.0562866
0 0.716706 0.800073 0.046729 0.0592105
0 0.960864 0.926535 0.0490654 0.0592105
0 0.582068 0.808845 0.0461449 0.0519006
0 0.594626 0.237573 0.0408879 0.0584795
0 0.365362 0.31981 0.0438084 0.0577485
0 0.192173 0.870614 0.0490654 0.0599415
0 0.221963 0.967105 0.0432243 0.0438596
0 0.0744743 0.309211 0.0484813 0.0570175
0 0.492114 0.28655 0.0438084 0.0482456
0 0.705023 0.449561 0.0443925 0.0526316
0 0.684287 0.339912 0.0449766 0.0511696
0 0.640479 0.398026 0.0367991 0.0416667
0 0.896028 0.188231 0.0432243 0.0562866
0 0.854848 0.112573 0.051986 0.0540936
0 0.801694 0.949196 0.0438084 0.0709064
0 0.705607 0.675439 0.0420561 0.0570175
0 0.704147 0.294591 0.0438084 0.0497076
0 0.916472 0.447734 0.0443925 0.0533626
0 0.46875 0.158626 0.041472 0.0570175
0 0.959112 0.222588 0.0502336 0.0650585
0 0.53271 0.673246 0.0455607 0.0482456
0 0.640187 0.760965 0.0478972 0.0540936
0 0.765771 0.141082 0.0432243 0.0526316
0 0.896612 0.901316 0.0490654 0.0526316
0 0.109229 0.266447 0.0478972 0.0519006
0 0.746787 0.557018 0.0438084 0.0526316
0 0.444509 0.458699 0.0432243 0.0519006
0 0.938084 0.16886 0.0420561 0.0540936
0 0.908586 0.121711 0.0496495 0.0533626
0 0.440713 0.0968567 0.0426402 0.0548246
0 0.544393 0.606725 0.0432243 0.0511696
