1 0.749228 0.382973 0.0347222 0.0437243
1 0.586227 0.522891 0.0366512 0.0437243
1 0.523727 0.507202 0.0304784 0.0401235
1 0.505015 0.29964 0.0316358 0.0457819
1 0.0798611 0.0190329 0.0393519 0.0380658
1 0.114005 0.397634 0.0343364 0.0462963
1 0.146991 0.0390946 0.0385802 0.0504115
1 0.539352 0.0105453 0.0385802 0.0210905
1 0.125 0.452418 0.0339506 0.0416667
1 0.398727 0.40072 0.0358796 0.0462963
1 0.374228 0.40535 0.0347222 0.0493827
1 0.0160108 0.447531 0.0320216 0.0493827
1 0.743441 0.842335 0.0300926 0.0478395
1 0.0443673 0.0360082 0.0354938 0.0442387
1 0.516204 0.86857 0.0308642 0.0426955
1 0.80189 0.0733025 0.038966 0.0437243
1 0.223765 0.658693 0.0362654 0.0478395
1 0.478974 0.623971 0.0358796 0.0504115
1 0.108989 0.247171 0.0397377 0.0509259
1 0.755208 0.00565844 0.035108 0.0113169
1 0.144097 0.724794 0.0366512 0.0432099
1 0.182677 0.538837 0.038966 0.0519547
1 0.961613 0.131173 0.038966 0.0545267
1 0.0626929 0.701646 0.0327932 0.0483539
1 0.836998 0.980967 0.0327932 0.0380658
1 0.104167 0.35108 0.037037 0.0447531
1 0.144097 0.0928498 0.03125 0.0478395
1 0.290895 0.795782 0.037037 0.0504115
1 0.207948 0.731481 0.0354938 0.0442387
1 0.199074 0.356996 0.033179 0.0421811
1 0.288002 0.747685 0.0381944 0.0468107
1 0.978588 0.821759 0.0381944 0.0416667
1 0.529707 0.405864 0.0339506 0.0462963
1 0.558256 0.693673 0.0347222 0.0457819
1 0.236111 0.53858 0.0385802 0.0483539
1 0.523534 0.723508 0.0300926 0.0447531
1 0.397377 0.0779321 0.0324074 0.0447531
1 0.0962577 0.849023 0.0343364 0.0416667
1 0.229552 0.333333 0.0354938 0.0504115
1 0.742091 0.0514403 0.0327932 0.0473251
1 0.551119 0.391718 0.0358796 0.0457819
1 0.0814043 0.977109 0.0339506 0.0447531
1 0.296682 0.626543 0.037037 0.0483539
1 0.698688 0.748971 0.0324074 0.0411523
1 0.213735 0.0756173 0.0324074 0.0390946
1 0.392361 0.809671 0.0347222 0.0514403
1 0.543017 0.472222 0.03125 0.0442387
1 0.921875 0.12037 0.0366512 0.0473251
1 0.177855 0.0861626 0.0339506 0.0498971
1 0.0119599 0.862397 0.0239198 0.0519547
1 0.17554 0.136831 0.0393519 0.0462963
1 0.504244 0.0234053 0.037037 0.0468107
1 0.548418 0.196502 0.0327932 0.0442387
1 0.242477 0.857767 0.0343364 0.0457819
1 0.356674 0.730967 0.0381944 0.0473251
1 0.237076 0.903035 0.0320216 0.0468107
1 0.0428241 0.53678 0.037037 0.0478395
1 0.493441 0.526492 0.0347222 0.0447531
1 0.276813 0.460391 0.0335648 0.0473251
1 0.046875 0.984568 0.035108 0.0308642
1 0.485339 0.098251 0.033179 0.0462963
1 0.290316 0.0900206 0.0297068 0.0473251
1 0.399884 0.124743 0.035108 0.0457819
1 0.448302 0.718364 0.0300926 0.0396091
1 0.903549 0.631944 0.0393519 0.0498971
1 0.111883 0.574331 0.0385802 0.0478395
1 0.0999228 0.715021 0.0362654 0.0483539
1 0.260417 0.625257 0.0316358 0.0498971
1 0.417052 0.858025 0.033179 0.0452675
1 0.707948 0.448302 0.0354938 0.0406379
1 0.856867 0.609568 0.0347222 0.0514403
1 0.144676 0.972222 0.0393519 0.0504115
1 0.591435 0.557099 0.0385802 0.0421811
1 0.512153 0.226852 0.0320216 0.0462963
1 0.598187 0.964506 0.038966 0.0452675
1 0.655478 0.210648 0.0316358 0.0396091
1 0.468557 0.496399 0.0343364 0.0473251
1 0.559606 0.240741 0.0335648 0.0421811
1 0.856481 0.509002 0.0393519 0.0498971
1 0.922261 0.229681 0.035108 0.0437243
1 0.204282 0.853395 0.038966 0.0504115
1 0.337384 0.965535 0.0335648 0.0483539
1 0.655285 0.726337 0.0374228 0.0514403
1 0.703897 0.266204 0.0327932 0.0406379
1 0.10571 0.164095 0.0416667 0.0462963
1 0.636767 0.129115 0.0327932 0.0483539
1 0.257909 0.160494 0.0343364 0.0473251
1 0.559799 0.145576 0.033179 0.0421811
1 0.770255 0.193158 0.0281636 0.0498971
1 0.481096 0.201903 0.0316358 0.0509259
1 0.0179398 0.23071 0.0358796 0.0437243
1 0.915895 0.755144 0.037037 0.0493827
1 0.0812114 0.809928 0.038966 0.0447531
1 0.724923 0.668724 0.0324074 0.0442387
1 0.343557 0.680556 0.035108 0.0473251
1 0.463542 0.0591564 0.0327932 0.0483539
1 0.473958 0.172068 0.0327932 0.0426955
1 0.380401 0.356224 0.0347222 0.0498971
1 0.477816 0.953704 0.0335648 0.0421811
1 0.119792 0.798611 0.0366512 0.0437243
1 0.652006 0.894805 0.0393519 0.0488683
1 0.557677 0.666667 0.0374228 0.0483539
1 0.513503 0.557613 0.0308642 0.0442387
1 0.705247 0.528549 0.0324074 0.0396091
1 0.447917 0.652778 0.0300926 0.0421811
1 0.762346 0.126286 0.037037 0.0529835
1 0.290702 0.5625 0.0366512 0.0447531
1 0.543596 0.776492 0.0308642 0.0416667
1 0.272955 0.899177 0.0327932 0.0452675
1 0.311728 0.380658 0.033179 0.0452675
1 0.519869 0.632459 0.0358796 0.0426955
1 0.944637 0.934928 0.0358796 0.0478395
1 0.393326 0.931327 0.0304784 0.0406379
1 0.920718 0.847994 0.0343364 0.0426955
1 0.337384 0.309414 0.0366512 0.0426955
1 0.451775 0.869856 0.0324074 0.0493827
1 0.489005 0.776492 0.0412809 0.0457819
1 0.272762 0.974023 0.0339506 0.0488683
1 0.105903 0.489198 0.0304784 0.0432099
1 0.760031 0.675669 0.0347222 0.0416667
1 0.481289 0.401235 0.0335648 0.0462963
1 0.0584491 0.413837 0.0327932 0.0406379
1 0.73804 0.162037 0.033179 0.0411523
1 0.712963 0.309156 0.0300926 0.0452675
1 0.856481 0.298097 0.0324074 0.0447531
1 0.89294 0.325874 0.0358796 0.0416667
1 0.169174 0.277778 0.035108 0.0442387
1 0.932677 0.66821 0.035108 0.0493827
1 0.368248 0.852109 0.0327932 0.0447531
1 0.151235 0.175669 0.0347222 0.0488683
1 0.537037 0.981224 0.0393519 0.0375514
1 0.286651 0.511317 0.0378086 0.0432099
1 0.981289 0.984053 0.0374228 0.031893
1 0.617863 0.0617284 0.0289352 0.0401235
1 0.620756 0.873714 0.0339506 0.0468107
1 0.521219 0.164095 0.0339506 0.0493827
1 0.722415 0.599023 0.0320216 0.0468107
1 0.984954 0.732767 0.0300926 0.0447531
1 0.772569 0.857767 0.0320216 0.0488683
1 0.892747 0.95679 0.0378086 0.0421811
1 0.366319 0.025463 0.0343364 0.0488683
1 0.499421 0.828704 0.0343364 0.0462963
1 0.865548 0.104938 0.0366512 0.0483539
1 0.861304 0.427469 0.0366512 0.0504115
1 0.530864 0.452161 0.0362654 0.0411523
1 0.796489 0.113683 0.0335648 0.0421811
1 0.13561 0.645062 0.035108 0.0411523
1 0.359761 0.931584 0.0266204 0.0545267
1 0.952739 0.560957 0.0381944 0.0478395
1 0.324846 0.140175 0.0339506 0.0498971
1 0.405093 0.246142 0.0347222 0.0437243
1 0.0142747 0.276749 0.0285494 0.0432099
1 0.957948 0.297068 0.0354938 0.0509259
1 0.186343 0.315329 0.0324074 0.0432099
1 0.125965 0.303498 0.0335648 0.0462963
1 0.315972 0.433385 0.0339506 0.0426955
1 0.196373 0.981224 0.0401235 0.0375514
1 0.575617 0.79321 0.0354938 0.0462963
1 0.783565 0.280864 0.0378086 0.0442387
1 0.888503 0.206276 0.0362654 0.0493827
1 0.0219907 0.600051 0.0339506 0.0468107
1 0.277199 0.847737 0.0320216 0.0514403
1 0.0167824 0.662551 0.0335648 0.0442387
1 0.736111 0.50643 0.0300926 0.0529835
1 0.258102 0.661265 0.0339506 0.0447531
1 0.369599 0.264918 0.0385802 0.0432099
1 0.855903 0.361883 0.0358796 0.0468107
1 0.248264 0.290381 0.0381944 0.0498971
1 0.0540123 0.467078 0.0347222 0.0442387
1 0.657215 0.607767 0.0366512 0.0416667
1 0.489969 0.711163 0.0316358 0.0416667
1 0.893904 0.371399 0.0401235 0.0442387
1 0.45814 0.130144 0.0327932 0.0421811
1 0.606481 0.260031 0.0362654 0.0488683
1 0.321759 0.0820473 0.0339506 0.0498971
1 0.447917 0.334877 0.0378086 0.0534979
1 0.270448 0.364969 0.0347222 0.0509259
1 0.531057 0.0707305 0.0343364 0.0468107
1 0.429012 0.750514 0.0339506 0.0411523
1 0.868634 0.986111 0.027392 0.0277778
1 0.282407 0.316101 0.0378086 0.0447531
1 0.451389 0.383745 0.0324074 0.0421811
1 0.927855 0.977109 0.0393519 0.0437243
1 0.928434 0.170267 0.0366512 0.0452675
1 0.854167 0.709105 0.0347222 0.0457819
1 0.0580633 0.367541 0.035108 0.0437243
1 0.439043 0.609825 0.029321 0.0447531
1 0.752701 0.25463 0.033179 0.0432099
1 0.201389 0.892747 0.0362654 0.0406379
1 0.468364 0.445473 0.0316358 0.0401235
1 0.916667 0.423354 0.0393519 0.0493827
1 0.454861 0.983539 0.0339506 0.0329218
1 0.699653 0.6893 0.0320216 0.0442387
1 0.0910494 0.533179 0.033179 0.0457819
1 0.954861 0.511574 0.0347222 0.0468107
1 0.183256 0.816101 0.0339506 0.0488683
1 0.409144 0.971708 0.0374228 0.0462963
1 0.320988 0.531893 0.0324074 0.0401235
1 0.433256 0.531121 0.0324074 0.0447531
1 0.723765 0.979424 0.0300926 0.0411523
1 0.982446 0.0360082 0.035108 0.0452675
1 0.438079 0.468621 0.035108 0.0504115
1 0.592207 0.675669 0.0300926 0.0416667
1 0.376929 0.736883 0.0393519 0.0437243
1 0.0443673 0.869342 0.0378086 0.0462963
1 0.669946 0.77572 0.0358796 0.0432099
1 0.983025 0.94213 0.0339506 0.0478395
1 0.447338 0.207562 0.0320216 0.0457819
1 0.0540123 0.652778 0.0378086 0.0421811
1 0.33912 0.889146 0.0339506 0.0457819
1 0.0860339 0.444959 0.033179 0.0442387
1 0.35571 0.556842 0.0324074 0.0457819
1 0.238233 0.984053 0.035108 0.031893
1 0.887731 0.273405 0.0354938 0.0457819
1 0.595293 0.314043 0.0362654 0.0488683
1 0.785108 0.809671 0.0385802 0.0442387
1 0.32581 0.194187 0.0366512 0.0488683
1 0.680363 0.554527 0.0320216 0.0504115
1 0.961227 0.0761317 0.0374228 0.0524691
1 0.375193 0.985597 0.0366512 0.0288066
1 0.457755 0.919239 0.0343364 0.0462963
1 0.588735 0.842078 0.0354938 0.0493827
1 0.696952 0.827418 0.0366512 0.0468107
1 0.431713 0.0874486 0.033179 0.0493827
1 0.109954 0.0763889 0.0347222 0.0478395
1 0.583912 0.0185185 0.0320216 0.037037
1 0.337384 0.480967 0.0358796 0.0452675
1 0.290509 0.180813 0.033179 0.0426955
1 0.0239198 0.495885 0.0347222 0.0473251
1 0.700424 0.163066 0.0335648 0.0411523
1 0.796296 0.236883 0.0347222 0.0498971
1 0.625193 0.343364 0.0358796 0.0468107
1 0.858603 0.926183 0.0366512 0.0498971
1 0.360725 0.127058 0.037037 0.0504115
1 0.859761 0.843364 0.0335648 0.0437243
1 0.894869 0.522634 0.0366512 0.0462963
1 0.738619 0.939815 0.0343364 0.0442387
1 0.719715 0.875 0.0343364 0.0462963
1 0.927276 0.879115 0.0374228 0.0483539
1 0.730903 0.347737 0.0320216 0.0401235
1 0.565201 0.743056 0.0393519 0.0478395
1 0.523727 0.938014 0.0381944 0.0457819
1 0.742284 0.302984 0.0339506 0.0432099
1 0.637539 0.420782 0.0297068 0.0442387
1 0.328511 0.0226337 0.0358796 0.0452675
1 0.959105 0.860082 0.0378086 0.0504115
1 0.674576 0.496656 0.0343364 0.0468107
1 0.85571 0.23714 0.0362654 0.0462963
1 0.701003 0.950103 0.0308642 0.0504115
1 0.421489 0.367284 0.0281636 0.0483539
1 0.405286 0.579218 0.0343364 0.0473251
1 0.753086 0.715792 0.033179 0.0396091
1 0.439236 0.246399 0.0343364 0.0442387
1 0.619792 0.927726 0.0366512 0.0437243
1 0.951775 0.439815 0.0339506 0.0452675
1 0.829475 0.793467 0.0339506 0.0447531
1 0.377508 0.787037 0.0343364 0.0452675
1 0.403164 0.509002 0.033179 0.0447531
1 0.664931 0.168724 0.0327932 0.0421811
1 0.425154 0.906893 0.0339506 0.0462963
1 0.0200617 0.32536 0.0385802 0.0498971
1 0.0891204 0.308642 0.0362654 0.0442387
1 0.673997 0.246914 0.0324074 0.0462963
1 0.414931 0.190586 0.0335648 0.0457819
1 0.666088 0.101337 0.035108 0.0483539
1 0.646798 0.273663 0.0366512 0.0401235
1 0.921682 0.284208 0.033179 0.0498971
1 0.830247 0.742284 0.0385802 0.0473251
1 0.976659 0.775206 0.0381944 0.0452675
1 0.276042 0.224794 0.0343364 0.0452675
1 0.602431 0.635802 0.0335648 0.0432099
1 0.902199 0.914352 0.0366512 0.0478395
1 0.663387 0.40535 0.0297068 0.0473251
1 0.745563 0.633745 0.0327932 0.0432099
1 0.532986 0.268261 0.0366512 0.0468107
1 0.695795 0.627058 0.0366512 0.0483539
1 0.662809 0.953704 0.0401235 0.0483539
1 0.564429 0.0913066 0.0339506 0.0437243
1 0.608218 0.484825 0.0335648 0.0447531
1 0.251736 0.408951 0.0335648 0.0432099
1 0.888696 0.155864 0.0366512 0.0432099
1 0.982639 0.483282 0.0347222 0.0498971
1 0.690201 0.207819 0.0324074 0.0442387
1 0.282214 0.270319 0.0320216 0.0426955
1 0.821373 0.593107 0.0362654 0.0452675
1 0.790509 0.451132 0.0339506 0.0473251
1 0.49537 0.906379 0.0362654 0.0442387
1 0.92091 0.0684156 0.0432099 0.0493827
1 0.793017 0.720936 0.035108 0.0498971
1 0.546296 0.342078 0.0354938 0.0473251
1 0.601273 0.104167 0.0358796 0.0478395
1 0.638696 0.643004 0.0358796 0.0432099
1 0.226852 0.609311 0.0378086 0.0478395
1 0.802469 0.76749 0.0308642 0.0442387
1 0.928048 0.474537 0.0343364 0.0457819
1 0.858603 0.659722 0.0381944 0.0447531
1 0.957755 0.625 0.0358796 0.0462963
1 0.714506 0.393261 0.033179 0.0447531
1 0.68287 0.350566 0.037037 0.0509259
1 0.600694 0.378601 0.0354938 0.0462963
