4 0.0260417 0.64429 0.0520833 0.0848765
4 0.195795 0.292438 0.0520833 0.0673868
4 0.787616 0.910751 0.0574846 0.0776749
4 0.243827 0.270833 0.0694444 0.0941358
2 0.26061 0.673611 0.0489969 0.0581276
3 0.992863 0.19393 0.0142747 0.0802469
0 0.60571 0.522891 0.0555556 0.104424
5 0.188079 0.224537 0.0798611 0.0992798
6 0.336034 0.990484 0.0825617 0.0190329
1 0.781443 0.240484 0.0852623 0.118827
4 0.43017 0.00668724 0.0401235 0.0133745
4 0.0387731 0.876543 0.0613426 0.0668724
4 0.435571 0.831019 0.0655864 0.0859054
5 0.235147 0.948302 0.0837191 0.100309
3 0.787616 0.910494 0.0574846 0.0771605
4 0.84375 0.536265 0.066358 0.102366
4 0.766011 0.657407 0.0528549 0.0751029
4 0.506752 0.296039 0.0520833 0.066358
3 0.565972 0.395833 0.0655864 0.0817901
4 0.980324 0.119599 0.0393519 0.0817901
4 0.895062 0.500257 0.0632716 0.0869342
6 0.243634 0.192644 0.0597994 0.0704733
4 0.26061 0.673354 0.0482253 0.0576132
4 0.477431 0.350309 0.0451389 0.0668724
4 0.260417 0.330504 0.0555556 0.0745885
4 0.0187114 0.569702 0.0374228 0.0715021
4 0.822917 0.632973 0.0725309 0.0941358
4 0.500193 0.419496 0.0466821 0.0632716
4 0.973958 0.255658 0.0520833 0.0771605
4 0.052662 0.930813 0.0536265 0.0622428
4 0.746721 0.352366 0.0636574 0.0679012
4 0.652971 0.859825 0.0428241 0.0570988
4 0.488233 0.122428 0.0505401 0.0709877
1 0.643326 0.0591564 0.0659722 0.0874486
