4 0.144869 0.581019 0.0621142 0.0715021
3 0.84375 0.413323 0.0771605 0.0848765
0 0.715278 0.444444 0.0632716 0.0853909
0 0.20216 0.50643 0.0817901 0.0776749
4 0.940972 0.86394 0.0578704 0.0838477
4 0.47936 0.782407 0.0559414 0.0792181
3 0.296682 0.536008 0.0609568 0.0679012
4 0.035108 0.477109 0.0694444 0.066358
4 0.975502 0.142747 0.0489969 0.0797325
4 0.45679 0.43107 0.0632716 0.0781893
4 0.426119 0.380916 0.0559414 0.0725309
4 0.527199 0.766204 0.0520833 0.0735597
4 0.896219 0.383745 0.0540123 0.06893
4 0.276042 0.144033 0.0513117 0.0606996
4 0.189043 0.62037 0.0501543 0.0668724
4 0.591435 0.532665 0.0486111 0.0643004
