4 0.589077 0.605263 0.0706776 0.0906433
4 0.51139 0.607822 0.0741822 0.0957602
4 0.514603 0.406067 0.0852804 0.111842
4 0.915888 0.412646 0.0794393 0.101608
4 0.899533 0.634137 0.116822 0.108918
4 0.574766 0.814327 0.0852804 0.109649
6 0.971671 0.0888158 0.0566589 0.11769
6 0.455023 0.559211 0.0642523 0.0745614
4 0.813084 0.945175 0.0747664 0.108187
4 0.0274533 0.108187 0.0549065 0.121345
4 0.863902 0.280336 0.0747664 0.101608
4 0.415012 0.184942 0.0765187 0.0935673
4 0.293516 0.284357 0.0660047 0.0921053
4 0.158586 0.831871 0.083528 0.0964912
