0 0.00554907 0.927632 0.0110981 0.0599415
0 0.856893 0.37902 0.0432243 0.0416667
0 0.994743 0.969298 0.010514 0.0584795
0 0.964953 0.908626 0.0385514 0.0423977
0 0.572722 0.36367 0.0367991 0.0475146
0 0.579731 0.63231 0.0636682 0.0745614
0 0.994451 0.630848 0.0110981 0.0526316
0 0.993283 0.241228 0.0134346 0.0584795
0 0.0073014 0.416301 0.0134346 0.0577485
0 0.586449 0.371345 0.046729 0.0540936
0 0.856016 0.121711 0.0332944 0.0314327
0 0.0376752 0.163743 0.0426402 0.0482456
0 0.938376 0.559942 0.0683411 0.0745614
0 0.696846 0.00950292 0.046729 0.0190058
0 0.0073014 0.702851 0.0146028 0.0752924
0 0.629673 0.529971 0.0385514 0.0453216
0 0.42903 0.989401 0.0438084 0.0211988
0 0.412383 0.469298 0.0455607 0.0628655
0 0.510514 0.432383 0.046729 0.0606725
0 0.930783 0.938962 0.0367991 0.0475146
0 0.440713 0.00767544 0.0484813 0.0153509
0 0.0189836 0.818713 0.0379673 0.0599415
0 0.701519 0.580044 0.046729 0.0577485
0 0.442757 0.890716 0.0432243 0.0519006
0 0.539136 0.731725 0.0502336 0.0599415
0 0.0137266 0.0961257 0.0274533 0.0577485
0 0.518107 0.962719 0.0397196 0.0526316
0 0.0151869 0.982091 0.0303738 0.0358187
0 0.411799 0.642544 0.0455607 0.0584795
0 0.254089 0.622442 0.0373832 0.0445906
0 0.759638 0.380117 0.0671729 0.0833333
0 0.663843 0.65095 0.0403037 0.0694444
0 0.178154 0.943713 0.0303738 0.0423977
0 0.4375 0.865132 0.0642523 0.0519006
0 0.113318 0.781433 0.0514019 0.0614035
0 0.86215 0.397661 0.0502336 0.0614035
0 0.0163551 0.210526 0.0327103 0.0511696
0 0.817465 0.460161 0.0473131 0.0533626
0 0.986273 0.0314327 0.0274533 0.0599415
0 0.134054 0.0135234 0.0484813 0.0270468
0 0.510222 0.345029 0.0367991 0.0482456
0 0.985689 0.142178 0.0286215 0.0460526
0 0.635806 0.98538 0.0473131 0.0292398
0 0.0198598 0.0215643 0.0373832 0.0431287
0 0.666764 0.225877 0.0438084 0.0584795
0 0.764603 0.987208 0.0490654 0.0255848
0 0.98861 0.538743 0.0227804 0.0570175
0 0.238026 0.672149 0.041472 0.0475146
0 0.710572 0.601243 0.0461449 0.0533626
0 0.332068 0.624635 0.0426402 0.0460526
0 0.932535 0.788377 0.0403037 0.0519006
0 0.869451 0.706871 0.0449766 0.0467836
0 0.157126 0.885599 0.036215 0.0504386
0 0.631425 0.135965 0.0373832 0.0453216
0 0.9816 0.406798 0.0356308 0.0445906
0 0.235981 0.109649 0.0443925 0.0511696
0 0.321846 0.652412 0.0408879 0.0548246
0 0.318341 0.925439 0.0502336 0.0643275
0 0.61361 0.0168129 0.0496495 0.0336257
0 0.363026 0.748904 0.0461449 0.0504386
0 0.762266 0.527778 0.0408879 0.0453216
0 0.382301 0.491228 0.0461449 0.0555556
0 0.57535 0.899123 0.0525701 0.0540936
0 0.305491 0.889254 0.0420561 0.0489766
0 0.860397 0.678728 0.0397196 0.0489766
0 0.468458 0.514254 0.0443925 0.0489766
0 0.685164 0.300073 0.0385514 0.0475146
0 0.985397 0.945175 0.0292056 0.0482456
0 0.658586 0.0237573 0.0438084 0.0475146
0 0.253505 0.410088 0.0537383 0.0643275
0 0.898364 0.126096 0.0420561 0.0533626
0 0.29264 0.413743 0.0443925 0.0555556
0 0.50993 0.0350877 0.0514019 0.0599415
0 0.850175 0.835161 0.0461449 0.0562866
0 0.5441 0.590643 0.0403037 0.0511696
0 0.482769 0.487939 0.0367991 0.0504386
0 0.0712617 0.336257 0.0443925 0.0526316
0 0.112734 0.066886 0.0455607 0.0592105
0 0.889895 0.0354532 0.041472 0.0548246
0 0.523949 0.902047 0.0385514 0.0511696
0 0.697722 0.978436 0.0438084 0.0431287
0 0.16618 0.240497 0.0438084 0.0497076
0 0.949182 0.44481 0.0432243 0.0533626
0 0.696846 0.698099 0.0408879 0.0511696
0 0.0852804 0.537646 0.0385514 0.0460526
0 0.574474 0.835892 0.0461449 0.0606725
0 0.0134346 0.52193 0.0268692 0.0482456
0 0.912675 0.30848 0.0438084 0.0497076
0 0.658879 0.358553 0.0373832 0.0416667
0 0.817173 0.0248538 0.0455607 0.0497076
0 0.598131 0.574196 0.0397196 0.0445906
0 0.344042 0.698099 0.0408879 0.0511696
0 0.416472 0.272295 0.0373832 0.0445906
0 0.864486 0.0928363 0.0455607 0.0570175
0 0.107769 0.301901 0.0356308 0.0453216
0 0.929907 0.0826023 0.0420561 0.0511696
0 0.825058 0.276681 0.0403037 0.0489766
0 0.137266 0.653143 0.0432243 0.0504386
0 0.296145 0.709064 0.0408879 0.0467836
0 0.642523 0.277778 0.036215 0.0540936
0 0.719334 0.91557 0.041472 0.0519006
0 0.384346 0.340278 0.036215 0.0504386
0 0.826227 0.521199 0.0438084 0.0555556
0 0.613318 0.788377 0.0408879 0.0460526
0 0.752044 0.224415 0.0367991 0.0555556
0 0.489778 0.806652 0.0391355 0.0445906
0 0.672605 0.408626 0.041472 0.0438596
0 0.819509 0.658991 0.0408879 0.0489766
0 0.943925 0.843933 0.0455607 0.0519006
0 0.819217 0.184211 0.051986 0.0687134
0 0.192757 0.763158 0.0432243 0.0511696
0 0.450935 0.532895 0.0490654 0.0497076
0 0.361565 0.296053 0.0397196 0.0526316
0 0.906542 0.416667 0.0397196 0.0409357
0 0.262558 0.293494 0.0484813 0.0592105
0 0.149533 0.403874 0.0490654 0.0592105
0 0.178738 0.124635 0.0502336 0.0592105
0 0.888435 0.871345 0.0385514 0.0482456
0 0.0733061 0.923246 0.0461449 0.0540936
0 0.0587033 0.0504386 0.0496495 0.0540936
0 0.962909 0.740863 0.0403037 0.0548246
0 0.18604 0.658991 0.0426402 0.0475146
0 0.692757 0.460161 0.0432243 0.0519006
0 0.558119 0.778143 0.0426402 0.0431287
0 0.982477 0.341374 0.0350467 0.0555556
0 0.429614 0.171784 0.0449766 0.0614035
0 0.81104 0.814693 0.0391355 0.0504386
0 0.64486 0.792032 0.0514019 0.0562866
0 0.9816 0.685307 0.0367991 0.0621345
0 0.82097 0.979532 0.0496495 0.0409357
0 0.7684 0.891447 0.0496495 0.0635965
0 0.476928 0.381213 0.041472 0.0533626
0 0.101636 0.191886 0.0420561 0.0548246
0 0.347547 0.565058 0.0408879 0.0497076
0 0.78271 0.140351 0.0443925 0.0614035
0 0.589661 0.430556 0.0438084 0.0423977
0 0.553738 0.472222 0.0385514 0.0526316
0 0.352804 0.789474 0.0408879 0.0511696
0 0.462909 0.126096 0.0484813 0.0489766
0 0.118283 0.591374 0.0391355 0.0438596
0 0.621495 0.0756579 0.0502336 0.0665205
0 0.229264 0.892178 0.0473131 0.0592105
0 0.855432 0.221491 0.0403037 0.0570175
0 0.306659 0.245614 0.0478972 0.0584795
0 0.749124 0.251462 0.0496495 0.0555556
0 0.820678 0.88231 0.0455607 0.0555556
0 0.443925 0.59576 0.0432243 0.0570175
0 0.308995 0.313596 0.0443925 0.0526316
0 0.839077 0.934576 0.0449766 0.0475146
0 0.653621 0.722953 0.0432243 0.0687134
0 0.206484 0.606725 0.0426402 0.0467836
0 0.508178 0.619883 0.0397196 0.0599415
0 0.577979 0.520833 0.0403037 0.0489766
0 0.473423 0.940058 0.0484813 0.0570175
0 0.95882 0.629751 0.0554907 0.0592105
0 0.867114 0.272295 0.0356308 0.0475146
0 0.172897 0.480263 0.0397196 0.0540936
0 0.485689 0.72807 0.0356308 0.0453216
0 0.975467 0.0910088 0.0443925 0.0562866
0 0.344042 0.159357 0.0490654 0.0628655
0 0.544393 0.308845 0.0432243 0.0460526
0 0.589369 0.735015 0.0397196 0.0445906
0 0.769276 0.448465 0.0525701 0.0548246
0 0.938084 0.686404 0.0432243 0.0526316
0 0.878797 0.172515 0.0461449 0.0511696
0 0.0213201 0.634137 0.041472 0.0533626
0 0.279206 0.577851 0.0397196 0.0504386
0 0.163259 0.56652 0.0449766 0.0584795
0 0.20035 0.40424 0.0443925 0.0511696
0 0.397196 0.605263 0.0408879 0.0497076
0 0.695678 0.758772 0.0443925 0.0526316
0 0.253797 0.834795 0.041472 0.0511696
0 0.0966706 0.846126 0.0426402 0.0562866
0 0.223131 0.164839 0.0478972 0.0548246
0 0.742991 0.114401 0.0408879 0.0519006
0 0.516647 0.199196 0.041472 0.0548246
0 0.0715537 0.589181 0.0403037 0.0482456
0 0.259638 0.760965 0.0461449 0.0570175
0 0.217582 0.461988 0.0484813 0.0599415
0 0.142231 0.262061 0.051986 0.0606725
0 0.576227 0.237208 0.0379673 0.0548246
0 0.041764 0.549342 0.041472 0.0504386
0 0.327979 0.838816 0.041472 0.0460526
0 0.676402 0.123538 0.0455607 0.0540936
0 0.444509 0.34576 0.046729 0.0570175
0 0.366822 0.0230263 0.0455607 0.0460526
0 0.19743 0.530336 0.0478972 0.0577485
0 0.901869 0.637792 0.036215 0.0489766
0 0.866822 0.498904 0.0432243 0.0519006
0 0.946846 0.383772 0.046729 0.0555556
0 0.904498 0.466374 0.0461449 0.0467836
0 0.744743 0.793494 0.0478972 0.0606725
0 0.409463 0.0493421 0.0432243 0.0504386
0 0.781834 0.950658 0.0484813 0.0519006
0 0.697138 0.821637 0.0426402 0.0526316
0 0.204439 0.0266813 0.0478972 0.0533626
0 0.343458 0.222588 0.0443925 0.0504386
0 0.166472 0.716009 0.0432243 0.0504386
0 0.71028 0.204678 0.0408879 0.0511696
0 0.526869 0.833333 0.0397196 0.0526316
0 0.0280374 0.87902 0.0525701 0.0577485
0 0.0975467 0.695541 0.0432243 0.0533626
0 0.153329 0.334795 0.041472 0.0482456
0 0.866822 0.327485 0.0455607 0.0511696
0 0.0724299 0.647295 0.0455607 0.0489766
0 0.457944 0.0657895 0.0514019 0.0599415
0 0.819217 0.347953 0.0426402 0.0526316
0 0.523072 0.137427 0.051986 0.0584795
0 0.783002 0.575658 0.0438084 0.0489766
0 0.0645444 0.395468 0.041472 0.0482456
0 0.729264 0.654971 0.0461449 0.0540936
0 0.127629 0.49598 0.0484813 0.0533626
0 0.259054 0.0584795 0.0484813 0.0570175
0 0.40771 0.403874 0.0420561 0.0519006
0 0.473423 0.188231 0.0403037 0.0548246
0 0.125292 0.925804 0.0473131 0.0577485
0 0.39778 0.221491 0.0443925 0.0540936
0 0.794977 0.236111 0.0408879 0.0526316
0 0.513435 0.682749 0.0408879 0.0540936
0 0.041472 0.266447 0.0478972 0.0533626
0 0.603388 0.175073 0.0432243 0.0533626
0 0.879089 0.763523 0.0455607 0.0475146
0 0.0592874 0.457968 0.0484813 0.0606725
0 0.64486 0.47405 0.0397196 0.0504386
0 0.445678 0.232822 0.0432243 0.0533626
0 0.566297 0.963816 0.0438084 0.0519006
0 0.308411 0.186769 0.0432243 0.0460526
0 0.427862 0.717836 0.0461449 0.0555556
0 0.0341706 0.75402 0.0461449 0.0533626
0 0.28271 0.141082 0.0455607 0.0526316
0 0.234229 0.962719 0.0478972 0.0526316
0 0.216706 0.701754 0.0490654 0.0584795
0 0.515187 0.26133 0.0478972 0.0548246
0 0.827979 0.739035 0.0473131 0.0614035
0 0.0397196 0.692617 0.0443925 0.0519006
0 0.402161 0.940058 0.0438084 0.0540936
