0 0.0119599 0.570473 0.0231481 0.0462963
0 0.489005 0.740741 0.0435957 0.0442387
0 0.172261 0.151492 0.0443673 0.0570988
0 0.487847 0.113169 0.0428241 0.0524691
0 0.683256 0.0216049 0.0393519 0.0432099
0 0.155671 0.0972222 0.0374228 0.0473251
0 0.974344 0.184928 0.0397377 0.0540123
0 0.377122 0.984311 0.038966 0.029321
0 0.690201 0.803755 0.0385802 0.0540123
0 0.934606 0.765432 0.038966 0.0524691
0 0.87365 0.0771605 0.0451389 0.058642
0 0.374614 0.761317 0.037037 0.0504115
0 0.401235 0.44573 0.0354938 0.0478395
0 0.620177 0.845422 0.0412809 0.0426955
0 0.394676 0.519805 0.0424383 0.0447531
0 0.554012 0.983282 0.0347222 0.0313786
0 0.105131 0.508745 0.0412809 0.0534979
0 0.51794 0.546039 0.0358796 0.0468107
0 0.121335 0.0149177 0.0513117 0.0298354
0 0.025463 0.739969 0.0385802 0.0478395
0 0.433063 0.578189 0.0366512 0.0442387
0 0.778164 0.86857 0.0401235 0.0591564
0 0.407793 0.375 0.029321 0.0524691
0 0.920718 0.825103 0.0420525 0.0545267
0 0.208912 0.545267 0.0381944 0.0493827
0 0.894097 0.882459 0.0374228 0.0447531
0 0.00790895 0.390175 0.0150463 0.0529835
0 0.861111 0.721193 0.0385802 0.0555556
0 0.991898 0.944702 0.0162037 0.0540123
0 0.0628858 0.179527 0.037037 0.0442387
0 0.196566 0.282665 0.038966 0.0498971
0 0.920718 0.246914 0.0374228 0.0514403
0 0.862076 0.235854 0.0405093 0.0488683
0 0.496142 0.165381 0.0354938 0.0468107
0 0.717014 0.166667 0.0397377 0.0534979
0 0.556134 0.165381 0.0428241 0.0457819
0 0.684606 0.415638 0.0343364 0.0514403
0 0.0929784 0.979681 0.0416667 0.0396091
0 0.881944 0.467078 0.0401235 0.0545267
0 0.186535 0.980195 0.0381944 0.0375514
0 0.646991 0.495885 0.0401235 0.0483539
0 0.61902 0.297325 0.0381944 0.0514403
0 0.37635 0.235854 0.0374228 0.0488683
0 0.525849 0.653292 0.0378086 0.0493827
0 0.853781 0.654064 0.0416667 0.0519547
0 0.787423 0.320473 0.0393519 0.0514403
0 0.302855 0.523405 0.0362654 0.0478395
0 0.670718 0.630916 0.0420525 0.05607
0 0.930941 0.143519 0.0378086 0.0473251
0 0.516397 0.86394 0.0327932 0.0509259
0 0.317901 0.0511831 0.0447531 0.0468107
0 0.0902778 0.877829 0.0439815 0.0591564
0 0.565779 0.23894 0.0374228 0.0540123
0 0.515818 0.600566 0.0401235 0.0468107
0 0.747685 0.906636 0.037037 0.0529835
0 0.933642 0.923097 0.0424383 0.0540123
0 0.0121528 0.781121 0.023534 0.0498971
0 0.089892 0.26749 0.0393519 0.0545267
0 0.228781 0.332819 0.0416667 0.0555556
0 0.965471 0.956276 0.0466821 0.0576132
0 0.0970293 0.711163 0.0405093 0.0478395
0 0.849537 0.404835 0.0455247 0.0462963
0 0.908565 0.375 0.0393519 0.0442387
0 0.453897 0.984568 0.0381944 0.0288066
0 0.819059 0.242541 0.0401235 0.0488683
0 0.629823 0.520319 0.0420525 0.0498971
0 0.501736 0.693158 0.0405093 0.0478395
0 0.190586 0.519547 0.037037 0.0483539
0 0.405286 0.11214 0.0381944 0.0493827
0 0.62963 0.898663 0.0339506 0.0504115
0 0.266589 0.654578 0.0408951 0.0488683
0 0.924961 0.687757 0.0366512 0.0617284
0 0.298418 0.335391 0.0397377 0.0565844
0 0.277392 0.456533 0.0432099 0.0509259
0 0.498457 0.0380658 0.0362654 0.0545267
0 0.189815 0.346965 0.037037 0.0437243
0 0.0185185 0.459362 0.0362654 0.0504115
0 0.526235 0.309671 0.0385802 0.0504115
0 0.273727 0.9393 0.0358796 0.0524691
0 0.393711 0.57073 0.0412809 0.0498971
0 0.23534 0.10571 0.0385802 0.0478395
0 0.961806 0.816101 0.037037 0.0540123
0 0.883873 0.152263 0.0385802 0.0473251
0 0.83314 0.344393 0.038966 0.0509259
0 0.483025 0.810957 0.0416667 0.0426955
0 0.675926 0.158951 0.0393519 0.0606996
0 0.154321 0.616255 0.0362654 0.0411523
0 0.202932 0.884774 0.0393519 0.0473251
0 0.981481 0.870628 0.037037 0.0570988
0 0.657986 0.253344 0.0335648 0.0488683
0 0.791667 0.716564 0.0401235 0.0565844
0 0.749614 0.400977 0.0378086 0.0519547
0 0.334877 0.964249 0.0385802 0.0498971
0 0.788002 0.0635288 0.0420525 0.05607
0 0.26331 0.707305 0.0381944 0.0483539
0 0.339892 0.668724 0.0362654 0.0493827
0 0.0366512 0.0115741 0.037037 0.0231481
0 0.437307 0.692387 0.0366512 0.0576132
0 0.598573 0.75643 0.0366512 0.0478395
0 0.708526 0.867027 0.0420525 0.0478395
0 0.753086 0.266461 0.0401235 0.0493827
0 0.480517 0.40072 0.0381944 0.0545267
0 0.403164 0.897119 0.0385802 0.0452675
0 0.762924 0.519547 0.0428241 0.0462963
0 0.350116 0.331533 0.0420525 0.0468107
0 0.619213 0.976852 0.0362654 0.0442387
0 0.561728 0.561728 0.0362654 0.0452675
0 0.272569 0.851852 0.038966 0.0401235
0 0.840856 0.577418 0.0366512 0.0457819
0 0.617091 0.357253 0.0428241 0.0509259
0 0.20409 0.400977 0.0393519 0.0519547
0 0.324267 0.0992798 0.0397377 0.0462963
0 0.193866 0.759516 0.0397377 0.0509259
0 0.235725 0.741255 0.0416667 0.0524691
0 0.688079 0.348765 0.0397377 0.0524691
0 0.0779321 0.0213477 0.0424383 0.0416667
0 0.328897 0.216564 0.038966 0.0493827
0 0.330826 0.425154 0.0381944 0.0498971
0 0.775077 0.165638 0.0393519 0.0483539
0 0.638117 0.659979 0.0401235 0.0504115
0 0.493634 0.916924 0.035108 0.0540123
0 0.793981 0.23251 0.0378086 0.0555556
0 0.695602 0.710905 0.0362654 0.0452675
0 0.695602 0.541152 0.0385802 0.0545267
0 0.406829 0.171553 0.0381944 0.0488683
0 0.750772 0.0334362 0.0416667 0.0504115
0 0.255401 0.498457 0.037037 0.0514403
0 0.955633 0.225566 0.033179 0.05607
0 0.235725 0.928498 0.0385802 0.0483539
0 0.786458 0.766461 0.0420525 0.0504115
0 0.359375 0.620885 0.0420525 0.0504115
0 0.586998 0.595936 0.035108 0.0488683
0 0.123071 0.660751 0.0416667 0.0509259
0 0.308642 0.252058 0.0424383 0.0473251
0 0.0356867 0.647377 0.0412809 0.0447531
0 0.979938 0.537037 0.0401235 0.0596708
0 0.5951 0.407407 0.0405093 0.0524691
0 0.981674 0.638889 0.0366512 0.0483539
0 0.268519 0.132202 0.0354938 0.0565844
0 0.221836 0.167181 0.0393519 0.0514403
0 0.819637 0.699846 0.0358796 0.0509259
0 0.542438 0.139146 0.0408951 0.0468107
0 0.811921 0.636317 0.0397377 0.0524691
0 0.874614 0.542181 0.0401235 0.0493827
0 0.631366 0.607253 0.0397377 0.0488683
0 0.541088 0.0455247 0.0381944 0.0519547
0 0.497878 0.244084 0.0405093 0.0478395
0 0.133873 0.175926 0.0401235 0.0514403
0 0.218943 0.481996 0.0381944 0.0473251
0 0.824846 0.512346 0.0416667 0.0514403
0 0.441551 0.217335 0.0397377 0.0591564
0 0.10108 0.765175 0.0408951 0.0570988
0 0.221451 0.260545 0.0354938 0.0540123
0 0.963542 0.317644 0.0412809 0.0591564
0 0.64564 0.133488 0.0366512 0.0550412
0 0.0580633 0.690072 0.0466821 0.0540123
0 0.589892 0.47608 0.0354938 0.0498971
0 0.273148 0.0473251 0.0362654 0.0545267
0 0.235147 0.0498971 0.0381944 0.0576132
0 0.830826 0.460648 0.038966 0.0488683
0 0.129051 0.811986 0.0358796 0.0581276
0 0.358411 0.908693 0.0408951 0.0498971
0 0.451196 0.0594136 0.0335648 0.05607
0 0.51061 0.439558 0.0405093 0.05607
0 0.722029 0.305813 0.0381944 0.0529835
0 0.148534 0.962449 0.0347222 0.058642
0 0.65625 0.556842 0.0393519 0.0529835
0 0.809992 0.290123 0.0466821 0.0504115
0 0.0327932 0.830761 0.0401235 0.058642
0 0.918017 0.0740741 0.0435957 0.0545267
0 0.423997 0.0262346 0.0416667 0.0524691
0 0.699074 0.958333 0.0385802 0.0462963
0 0.918596 0.488169 0.0416667 0.0545267
0 0.144483 0.486883 0.0420525 0.0519547
0 0.368441 0.705247 0.0408951 0.0545267
0 0.0927855 0.357767 0.0428241 0.0488683
0 0.269097 0.40715 0.0397377 0.0457819
0 0.516397 0.775463 0.0397377 0.0529835
0 0.630208 0.0789609 0.0397377 0.0519547
0 0.977045 0.757716 0.0428241 0.0504115
0 0.0846836 0.534722 0.0428241 0.0529835
0 0.854167 0.873457 0.0408951 0.0596708
0 0.0920139 0.409208 0.038966 0.0498971
0 0.655864 0.716564 0.0393519 0.0493827
0 0.144097 0.718107 0.038966 0.0555556
0 0.153742 0.327161 0.0374228 0.0493827
0 0.424576 0.48714 0.0428241 0.0462963
0 0.0538194 0.22608 0.038966 0.0488683
0 0.38561 0.940586 0.0374228 0.0478395
0 0.167631 0.571245 0.0374228 0.0478395
0 0.154514 0.429527 0.0381944 0.0452675
0 0.31713 0.569187 0.0324074 0.0437243
0 0.93017 0.578189 0.0416667 0.0493827
0 0.924769 0.180556 0.0408951 0.0473251
0 0.330826 0.492541 0.038966 0.0488683
0 0.896991 0.934156 0.0401235 0.0545267
0 0.896605 0.780093 0.0408951 0.0509259
0 0.263503 0.305041 0.0408951 0.0504115
0 0.296489 0.73071 0.035108 0.0478395
0 0.887539 0.694702 0.0420525 0.061214
0 0.803434 0.976337 0.0412809 0.0452675
0 0.562693 0.37037 0.0366512 0.0524691
0 0.793017 0.925926 0.0397377 0.0504115
0 0.706211 0.753344 0.0482253 0.0550412
0 0.953318 0.0447531 0.0408951 0.0483539
0 0.56713 0.678241 0.0416667 0.0540123
0 0.166088 0.912294 0.0381944 0.0488683
0 0.514082 0.0830761 0.0397377 0.0519547
0 0.575231 0.0972222 0.0378086 0.0555556
0 0.860147 0.119342 0.0405093 0.0462963
0 0.0472608 0.953447 0.0412809 0.0519547
0 0.255787 0.80607 0.0432099 0.0565844
0 0.0707948 0.474023 0.0397377 0.0509259
0 0.122685 0.0568416 0.0424383 0.0519547
0 0.961613 0.493056 0.0381944 0.05607
0 0.712963 0.652006 0.0385802 0.0601852
0 0.159915 0.845936 0.0397377 0.0509259
0 0.59838 0.214506 0.0385802 0.0565844
0 0.845872 0.0542695 0.0397377 0.0468107
0 0.591821 0.805041 0.0416667 0.0493827
0 0.0825617 0.067644 0.0385802 0.0447531
0 0.471836 0.649177 0.0385802 0.0493827
0 0.370949 0.288323 0.0374228 0.0498971
0 0.133488 0.882459 0.0385802 0.0498971
0 0.455054 0.433128 0.0358796 0.0493827
0 0.411844 0.955761 0.0397377 0.0534979
0 0.785494 0.447531 0.0354938 0.0504115
0 0.752701 0.466049 0.0393519 0.0545267
0 0.86304 0.813272 0.0424383 0.0555556
0 0.653742 0.322788 0.0374228 0.05607
0 0.811728 0.0174897 0.0378086 0.0349794
0 0.941937 0.875772 0.0405093 0.0529835
0 0.94213 0.405607 0.0470679 0.0529835
0 0.158179 0.379887 0.0408951 0.0478395
0 0.489005 0.972479 0.035108 0.0437243
0 0.456211 0.943673 0.0466821 0.0478395
0 0.580633 0.0396091 0.037037 0.0534979
0 0.800154 0.375514 0.0447531 0.0565844
0 0.600309 0.640947 0.0401235 0.0473251
0 0.193287 0.228652 0.033179 0.0509259
0 0.0123457 0.967078 0.0246914 0.0514403
0 0.0445602 0.3107 0.0443673 0.0514403
0 0.794946 0.565586 0.0343364 0.0488683
0 0.331983 0.289609 0.0374228 0.0504115
0 0.798611 0.816872 0.0401235 0.0545267
0 0.888117 0.276492 0.0385802 0.0498971
0 0.442515 0.628086 0.0401235 0.0514403
0 0.529707 0.911265 0.0354938 0.0498971
0 0.693094 0.23534 0.0358796 0.0457819
0 0.487461 0.292953 0.0405093 0.0509259
0 0.738619 0.629372 0.0366512 0.0488683
0 0.755208 0.820988 0.0412809 0.0473251
0 0.0109954 0.61857 0.0219907 0.0478395
0 0.608796 0.119084 0.0378086 0.0498971
0 0.660108 0.770833 0.0416667 0.05607
0 0.185378 0.643519 0.0397377 0.0524691
0 0.232253 0.604167 0.0439815 0.0519547
0 0.437307 0.781379 0.035108 0.0514403
0 0.191744 0.444959 0.0401235 0.0473251
0 0.699074 0.0686728 0.0401235 0.0550412
0 0.529707 0.200874 0.0378086 0.0498971
0 0.982446 0.690844 0.035108 0.0493827
0 0.454668 0.890175 0.0405093 0.0509259
0 0.718557 0.483539 0.0366512 0.0576132
0 0.0416667 0.526492 0.0401235 0.0488683
0 0.411458 0.298611 0.0358796 0.0498971
0 0.985725 0.419496 0.0285494 0.0570988
0 0.437307 0.39249 0.0343364 0.0596708
0 0.350694 0.80427 0.0416667 0.0529835
0 0.869213 0.322531 0.0408951 0.0524691
0 0.476852 0.550669 0.0385802 0.0406379
0 0.890432 0.200617 0.0385802 0.0524691
0 0.762924 0.214249 0.0343364 0.0498971
0 0.309606 0.636831 0.0428241 0.0555556
0 0.732639 0.114969 0.0378086 0.0519547
0 0.292824 0.162551 0.0378086 0.058642
0 0.194252 0.701389 0.0381944 0.0488683
0 0.0160108 0.890947 0.0320216 0.0565844
0 0.121721 0.556842 0.038966 0.0488683
0 0.486304 0.858282 0.0343364 0.0509259
0 0.625386 0.442644 0.037037 0.0529835
0 0.0337577 0.129115 0.0412809 0.0504115
0 0.746528 0.769805 0.0408951 0.0529835
0 0.41088 0.838992 0.0347222 0.0534979
0 0.728588 0.225566 0.0335648 0.0468107
0 0.91821 0.324074 0.0401235 0.0524691
0 0.554591 0.802984 0.0281636 0.0555556
0 0.31713 0.835134 0.0408951 0.0498971
0 0.358989 0.373714 0.0335648 0.0509259
0 0.0401235 0.408436 0.0408951 0.0545267
0 0.883681 0.024177 0.0412809 0.0483539
0 0.311536 0.889918 0.0335648 0.0483539
0 0.659529 0.442901 0.027392 0.0555556
0 0.0497685 0.0761317 0.0362654 0.0555556
0 0.0289352 0.359311 0.0324074 0.0426955
0 0.561921 0.744084 0.0343364 0.0478395
0 0.585648 0.337449 0.0324074 0.0473251
0 0.200231 0.936728 0.033179 0.0483539
0 0.640818 0.394547 0.033179 0.0483539
0 0.988233 0.365226 0.023534 0.0452675
