5 0.295139 0.53035 0.121914 0.200617
4 0.00655864 0.759516 0.0131173 0.0941358
0 0.644869 0.427212 0.0659722 0.0622428
5 0.316165 0.118827 0.0906636 0.117284
4 0.663194 0.494084 0.0833333 0.0972222
5 0.802469 0.381944 0.111883 0.146605
4 0.767747 0.512603 0.0686728 0.0807613
4 0.644097 0.831276 0.0551698 0.0792181
4 0.562693 0.984053 0.0497685 0.031893
4 0.601466 0.811728 0.0601852 0.0823045
4 0.804012 0.561986 0.0640432 0.0725309
2 0.00964506 0.309414 0.0192901 0.0766461
4 0.64564 0.342593 0.0628858 0.0864198
4 0.690586 0.361626 0.0470679 0.0699589
5 0.954282 0.345422 0.0906636 0.103395
4 0.386381 0.233796 0.0582562 0.0807613
4 0.490934 0.317901 0.0628858 0.0843621
4 0.417245 0.289866 0.056713 0.066358
4 0.341628 0.255144 0.0513117 0.0606996
